100 1.16665 0.132253
600 0.988415 0.149408
1100 1.1313 0.157828
1600 0.850685 0.0100212
2100 0.9861 0.0685331
2600 0.882469 0.00952629
3100 0.972211 0.0459229
3600 0.983013 0.103661
4100 0.915301 0.066979
4600 0.961644 0.0355711
5100 0.922647 0.00498978
5600 0.99478 0.0166309
6100 0.849489 0.00232234
6600 0.900032 0.0424196
7100 0.953041 0.00257353
7600 0.986283 0.0234995
8100 0.935003 0.0547363
8600 0.904382 0.0149583
9100 0.973279 0.0374153
9600 0.951957 0.0132378
10100 0.949109 0.0476653
10600 0.98872 0.0526263
11100 0.889004 0.00799265
11600 0.942039 0.014159
12100 0.954535 0.0225705
12600 1.00462 0.0260532
13100 0.94772 0.0445387
13600 0.95291 0.0138197
14100 0.950147 0.00498978
14600 0.946907 0.0215658
15100 0.952896 0.0211226
15600 0.937934 0.0135675
16100 0.952888 0.0205468
16600 0.971625 0.0215251
17100 0.940373 0.0140189
17600 0.946249 0.00459988
18100 0.935686 0.0127618
18600 1.00619 0.0166111
19100 0.966612 0.0120758
19600 0.94493 0.00271407
20100 0.95238 0.0149821
20600 0.941063 0.0203269
21100 0.937654 0.0179986
21600 0.927201 0.0202667
22100 0.916782 0.0139944
22600 0.928763 0.0194124
23100 0.935174 0.00926921
23600 0.928544 0.0330489
24100 0.952848 0.0244942
24600 0.926367 0.0196972
25100 0.940062 0.0297318
25600 0.937272 0.0313313
26100 0.939432 0.0356309
26600 0.936027 0.0192599
27100 0.940282 0.00942105
27600 0.942974 0.0180428
28100 0.932423 0.0406436
28600 0.948416 0.0286011
29100 0.936797 0.00703665
29600 0.945607 0.0450962
30100 0.922793 0.00743503
30600 0.958549 0.00880178
31100 0.932197 0.00317418
31600 0.957443 0.0368032
32100 0.948587 0.00338647
32600 0.931653 0.00532448
33100 0.942839 0.017636
33600 0.937779 0.0285784
34100 0.942275 0.0395839
34600 0.940741 0.0179802
35100 0.926786 0.0290277
35600 0.942444 0.00797751
36100 0.935585 0.0123081
36600 0.963977 0.00161495
37100 0.942337 0.00730182
37600 0.962903 0.00796799
38100 0.94159 0.0017643
38600 0.948284 0.0301209
39100 0.95033 0.0161582
39600 0.948642 0.0129454
40100 0.944815 0.0081556
40600 0.907078 0.000418806
41100 0.942879 0.0107881
41600 0.942297 0.0204133
42100 0.944961 0.0146513
42600 0.933186 0.0153796
43100 0.949203 0.00233408
43600 0.941216 0.00429615
44100 0.953693 0.00615681
44600 0.946489 0.0157043
45100 0.926942 0.00925008
45600 0.94023 0.0302238
46100 0.929611 0.0148077
46600 0.955938 0.0135306
47100 0.95384 0.0133675
47600 0.951582 0.00142546
48100 0.952403 0.0130572
48600 0.982813 0.0212979
49100 0.948252 0.0321029
49600 0.942026 0.00379542
50100 0.953194 0.0117697
50600 0.976054 0.00139597
51100 0.931306 0.00112035
51600 0.944514 0.0115671
52100 0.950378 0.00446293
52600 0.933766 0.0197322
53100 0.937607 0.0134256
53600 0.934665 0.00397197
54100 0.930519 0.0137194
54600 0.94016 0.0140508
55100 0.95686 0.0366065
55600 0.969239 0.0132146
56100 0.952628 0.0209525
56600 0.951599 0.027419
57100 0.942245 0.00186516
57600 0.934065 0.0071342
58100 0.918497 0.0227659
58600 0.947823 0.0156201
59100 0.957735 0.00319602
59600 0.920991 0.000211609
60100 0.94277 0.0234978
60600 0.936275 0.0104251
61100 0.97237 0.00790984
61600 0.957218 0.00275241
62100 0.947006 0.0173868
62600 0.940218 0.00734658
63100 0.94987 0.00265165
63600 0.931091 0.00148394
64100 0.952797 0.0139052
64600 0.924504 0.0114751
65100 0.949661 0.01084
65600 0.951166 0.00123427
66100 0.940589 0.00347111
66600 0.928418 0.0129383
67100 0.950188 0.00815158
67600 0.92734 0.0104399
68100 0.941374 0.00921818
68600 0.962857 0.00591362
69100 0.93971 0.00210986
69600 0.91941 0.00743306
70100 0.94378 0.006855
70600 0.934342 0.0205732
71100 0.923395 0.00427556
71600 0.947906 0.0159634
72100 0.924882 0.0112238
72600 0.936322 0.00606904
73100 0.961837 0.0110915
73600 0.938395 0.026061
74100 0.952924 0.0161026
74600 0.954357 0.00572566
75100 0.966645 0.0154779
75600 0.933631 0.000496709
76100 0.938101 0.0026749
76600 0.935658 0.00239184
77100 0.951027 0.00592431
77600 0.950537 0.00066972
78100 0.929638 0.00244174
78600 0.931022 0.00221285
79100 0.953898 0.00112928
79600 0.954379 0.00378287
80100 0.92973 0.0130856
80600 0.953997 0.0100371
81100 0.951232 0.00685127
81600 0.930987 0.01937
82100 0.966764 0.0180705
82600 0.962324 0.0139933
83100 0.937464 0.0114308
83600 0.950813 0.00666601
84100 0.95383 0.00262352
84600 0.939689 0.00328641
85100 0.945135 0.0115616
85600 0.95279 0.00182325
86100 0.940143 0.0117471
86600 0.936511 0.023378
87100 0.93973 0.00660486
87600 0.944354 0.00416726
88100 0.952789 0.00865062
88600 0.944888 0.0152907
89100 0.953662 0.000555387
89600 0.952138 0.0142184
90100 0.95527 0.0106638
90600 0.959549 0.00228136
91100 0.945211 0.0223146
91600 0.95438 0.0122405
92100 0.936848 0.0109131
92600 0.965702 0.00869504
93100 0.939943 0.0203655
93600 0.948945 0.000178822
94100 0.944006 0.00427156
94600 0.922881 0.000927622
95100 0.947983 0.00412389
95600 0.929601 0.0123091
96100 0.935993 0.0131474
96600 0.933363 0.00221935
97100 0.925253 0.00248096
97600 0.956472 0.00295512
98100 0.943372 0.00415037
98600 0.936517 0.00249176
99100 0.938365 0.00937848
99600 0.935607 0.00984701