1 0.926517 0.026233
1.1 0.897574 0.031256
1.2 0.929589 0.0113578
1.3 0.913528 0.0136738
1.4 0.876546 0.0551363
1.5 0.905615 0.123246
1.6 0.975633 0.0250272
1.7 0.932817 0.0411581
1.8 0.926089 0.109555
1.9 0.951124 0.0218583
2 1.0461 0.114784
2.1 1.02041 0.00589215
2.2 0.945806 0.0285269
2.3 0.91031 0.0307708
2.4 1.01919 0.0968444
2.5 0.917524 0.0478781
2.6 0.906956 0.0785225
2.7 0.893015 0.114558
2.8 0.853679 0.0168044
2.9 0.744043 0.0647604
3 1.08499 0.16625
3.1 1.0651 0.0503897
3.2 0.886034 0.191048
3.3 0.942277 0.0584184
3.4 1.11264 0.0233097
3.5 0.988496 0.0717804
3.6 0.89459 0.0405199
3.7 0.984908 0.0417846
3.8 1.03887 0.0404376
3.9 0.975964 0.123266
4 1.0111 0.103432
4.1 0.882515 0.10025
4.2 1.14904 0.128453
4.3 0.790952 0.179993
4.4 0.771702 0.434791
4.5 0.728429 0.0203438
4.6 0.987455 0.219704
4.7 1.15971 0.0231965
4.8 0.91839 0.193671
4.9 0.933712 0.186272
5 0.87499 0.202276
5.1 1.06206 0.0897303
5.2 1.10412 0.332012
5.3 0.873901 0.0119769
5.4 1.21904 0.189595
5.5 1.32342 0.252713
5.6 0.823191 0.128453
5.7 0.88444 0.0032791
5.8 0.94845 0.108043
5.9 0.879909 0.175895
6 0.804991 0.148722
6.1 0.976751 0.0807752
6.2 0.822179 0.169091
6.3 0.926089 0.264633
6.4 0.955722 0.114619
6.5 1.39658 0.086735
6.6 0.677592 0.0584184
6.7 1.17835 0.062743
6.8 0.764236 0.0947034
6.9 0.972026 0.0688866
7 0.762214 0.344323
7.1 1.12721 0.0141267
7.2 1.10879 0.0671999
7.3 1.03618 0.0970502
7.4 1.33096 0.379978
7.5 1.03905 0.0736112
7.6 1.01079 0.0487428
7.7 1.32578 0.145602
7.8 0.946389 0.123266
7.9 0.728108 0.164881
8 0.995544 0.0540246
8.1 1.08438 0.122061
8.2 1.89577 0.10025
8.3 0.535805 0.149081
8.4 0.89179 0.564227
8.5 1.05363 0.264263
8.6 0.719047 0.0658001
8.7 0.956627 0.298816
8.8 1.2799 0.123183
8.9 1.46317 0.184675
9 1.25999 0.16625
9.1 1.28814 0.147619
9.2 0.822879 0.303026
9.3 1.00904 0.157338
9.4 1.03085 0.18236
9.5 0.789678 0.628415
9.6 0.806391 0.241102
9.7 1.00623 0.0315119
9.8 0.933712 0.581696
9.9 0.571718 0.412372
10 1.26387 0.543981
